[gd_scene load_steps=47 format=3 uid="uid://bqqgyqafm7xwp"]

[ext_resource type="Environment" uid="uid://bqnqgflivjvue" path="res://scenes/main-environment.tres" id="1_ahusb"]
[ext_resource type="PackedScene" uid="uid://dl2ed4gkybggf" path="res://objects/player.tscn" id="2_onms2"]
[ext_resource type="PackedScene" uid="uid://cctcmtljxskfo" path="res://objects/planet_round.tscn" id="4_yhtix"]
[ext_resource type="Script" path="res://scripts/view.gd" id="5_bg0fr"]
[ext_resource type="PackedScene" uid="uid://dkw27llxh1d4w" path="res://models/grass-small.glb" id="9_we3km"]
[ext_resource type="PackedScene" uid="uid://dfpisimsgf5ce" path="res://objects/coin.tscn" id="10_fwhys"]
[ext_resource type="Script" path="res://scripts/hud.gd" id="11_apvpm"]
[ext_resource type="PackedScene" uid="uid://cehfkuu26ujdx" path="res://objects/coffin_old.tscn" id="11_dvb0x"]
[ext_resource type="PackedScene" uid="uid://dy017k58p20sk" path="res://objects/cloud.tscn" id="13_drtpy"]
[ext_resource type="Texture2D" uid="uid://cd7oyc56ehkx1" path="res://sprites/coin.png" id="13_jfda3"]
[ext_resource type="PackedScene" uid="uid://pe0a72q8n5y4" path="res://objects/coffin.tscn" id="13_liewl"]
[ext_resource type="PackedScene" uid="uid://ynmtuwa4jibt" path="res://objects/debris_wood.tscn" id="15_a3o5d"]
[ext_resource type="PackedScene" uid="uid://c4ep6noxq4cto" path="res://objects/pine_crooked.tscn" id="16_3acxo"]
[ext_resource type="PackedScene" uid="uid://d2l8xlwfx6euu" path="res://objects/pine.tscn" id="16_5o6by"]
[ext_resource type="PackedScene" uid="uid://b5idn6sppdy6p" path="res://objects/trunk.tscn" id="17_crlpu"]
[ext_resource type="FontFile" uid="uid://d0cxd77jybrcn" path="res://fonts/lilita_one_regular.ttf" id="17_tk810"]
[ext_resource type="PackedScene" uid="uid://ddhcdggbrjscd" path="res://objects/trunk_long.tscn" id="18_ppn8i"]
[ext_resource type="PackedScene" uid="uid://idwsvkkhfwfn" path="res://objects/gravestone_flat.tscn" id="19_2iowy"]
[ext_resource type="PackedScene" uid="uid://cqoctrydmcloc" path="res://objects/gravestone_flat_open.tscn" id="20_0v65s"]
[ext_resource type="PackedScene" uid="uid://d3cf11oxw4svo" path="res://objects/gravestone_broken.tscn" id="21_kmxk3"]
[ext_resource type="PackedScene" uid="uid://brj1bk8cw8oaj" path="res://objects/gravestone_bevel.tscn" id="22_wh4gd"]
[ext_resource type="PackedScene" uid="uid://dncspajxhw4sa" path="res://objects/debris.tscn" id="23_fvbvl"]
[ext_resource type="PackedScene" uid="uid://bykqvjiow3wql" path="res://objects/gravestone_debris.tscn" id="24_31gs3"]
[ext_resource type="PackedScene" uid="uid://bxqj7kyqpsntq" path="res://objects/gravestone_decorative.tscn" id="25_b42al"]
[ext_resource type="PackedScene" uid="uid://dmy2hnbv7i4hh" path="res://objects/grave_border.tscn" id="26_gplds"]
[ext_resource type="PackedScene" uid="uid://dk71heq588ipl" path="res://objects/grave.tscn" id="27_ak5d1"]
[ext_resource type="PackedScene" uid="uid://d3lltduf466in" path="res://objects/shovel_dirt.tscn" id="28_6pldx"]
[ext_resource type="PackedScene" uid="uid://4x4dobnfygbr" path="res://objects/lantern_glass.tscn" id="29_g701c"]
[ext_resource type="PackedScene" uid="uid://by4eqdrxl45lg" path="res://objects/detail_chalice.tscn" id="30_7yivi"]
[ext_resource type="PackedScene" uid="uid://byny64qni6lvx" path="res://objects/cross.tscn" id="31_uj2wa"]
[ext_resource type="PackedScene" uid="uid://s78vxoc82w1n" path="res://objects/candle_multiple.tscn" id="32_mxdeo"]
[ext_resource type="PackedScene" uid="uid://dhfrv8qg6mhh5" path="res://objects/crypt_large.tscn" id="32_qb7o0"]
[ext_resource type="PackedScene" uid="uid://baaiujsljh10y" path="res://objects/rocks_tall.tscn" id="33_bfwtx"]
[ext_resource type="PackedScene" uid="uid://bn5kj6w2yc372" path="res://objects/crypt_large_roof.tscn" id="33_jb58i"]
[ext_resource type="PackedScene" uid="uid://bah2xplrnp60x" path="res://objects/rocks.tscn" id="34_3tx56"]
[ext_resource type="PackedScene" uid="uid://frfguwpxocqv" path="res://objects/lightpost_single.tscn" id="34_lakc6"]
[ext_resource type="PackedScene" uid="uid://ckdx80ggbdd6f" path="res://objects/pumpkin.tscn" id="35_cr3th"]
[ext_resource type="PackedScene" uid="uid://clusb0hmod5qs" path="res://objects/crypt_small.tscn" id="36_1jyvc"]
[ext_resource type="PackedScene" uid="uid://bxfjld8t86i7n" path="res://objects/shovel.tscn" id="36_mgwsd"]
[ext_resource type="PackedScene" uid="uid://mg8v1woto67v" path="res://objects/crypt_small_roof.tscn" id="37_myphr"]
[ext_resource type="Texture2D" uid="uid://ccu87k6cvyx38" path="res://sprites/moon.png" id="38_g0lyd"]
[ext_resource type="Script" path="res://scripts/moon.gd" id="39_rccd3"]
[ext_resource type="Script" path="res://scripts/ghost.gd" id="43_g6b5n"]
[ext_resource type="PackedScene" uid="uid://bpwyde3iq6w17" path="res://objects/character_ghost.tscn" id="43_t7v1w"]

[sub_resource type="FogMaterial" id="FogMaterial_tgm2a"]
density = 0.1
emission = Color(0.352941, 0.588235, 0.768627, 1)
height_falloff = 0.95
edge_fade = 0.95

[sub_resource type="LabelSettings" id="LabelSettings_38ys3"]
font = ExtResource("17_tk810")
font_size = 48
shadow_color = Color(0, 0, 0, 0.376471)
shadow_offset = Vector2(2, 2)

[node name="Main" type="Node3D"]

[node name="Environment" type="WorldEnvironment" parent="."]
environment = ExtResource("1_ahusb")

[node name="player" parent="." node_paths=PackedStringArray("view") instance=ExtResource("2_onms2")]
transform = Transform3D(-1, 3.48787e-16, -8.74228e-08, 3.48787e-16, 1, -3.48787e-16, 8.74228e-08, -3.48787e-16, -1, -10.9021, 4.03657, -0.0368607)
view = NodePath("../View")
planet_path = NodePath("../World/planet_round")

[node name="View" type="Node3D" parent="." node_paths=PackedStringArray("target")]
transform = Transform3D(1, 0, 0, 0, 1, 0, 0, 0, 0.999999, -11.4158, 4.22676, -0.267266)
script = ExtResource("5_bg0fr")
target = NodePath("../player")

[node name="Camera" type="Camera3D" parent="View"]
transform = Transform3D(1, 0, 0, 0, 1, 0, 0, 0, 1, 2.08165e-12, 2.08165e-12, 5)
current = true
fov = 40.0

[node name="World" type="Node3D" parent="."]

[node name="planet_round" parent="World" instance=ExtResource("4_yhtix")]
transform = Transform3D(1, 0, 0, 0, 1, 0, 0, 0, 1, -10.925, -2.637, 2.08165e-12)

[node name="ground_fog" type="FogVolume" parent="World"]
transform = Transform3D(1, 0, 0, 0, 1, 0, 0, 0, 1, -10.925, -2.637, 2.08165e-12)
size = Vector3(12, 12, 12)
shape = 0
material = SubResource("FogMaterial_tgm2a")

[node name="coin5" parent="World" instance=ExtResource("10_fwhys")]
transform = Transform3D(1, 0, 0, 0, 1, 0, 0, 0, 1, -11.7731, 2.54941, -2.28223)

[node name="cube8" parent="World" instance=ExtResource("13_drtpy")]
transform = Transform3D(1, 0, 0, 0, 1, 0, 0, 0, 1, 1.5495, 1.10741, -2.666)

[node name="cube9" parent="World" instance=ExtResource("13_drtpy")]
transform = Transform3D(1.27593, -0.401864, 0.422933, 0.471408, 1.30937, -0.178025, -0.343721, 0.304009, 1.32582, 3.33538, 1.37146, -4.1932)

[node name="cube11" parent="World" instance=ExtResource("13_drtpy")]
transform = Transform3D(0.476646, 0.924607, 0.941422, -0.929853, 0.945559, -0.457882, -0.93624, -0.468385, 0.934042, -11.1815, 2.03819, 9.2812)

[node name="cube12" parent="World" instance=ExtResource("13_drtpy")]
transform = Transform3D(-1.02876, -0.695523, 0.652886, -0.929853, 0.945557, -0.457881, -0.213027, -0.768461, -1.15432, -10.9158, 2.79508, 11.515)

[node name="cube13" parent="World" instance=ExtResource("13_drtpy")]
transform = Transform3D(1.56209, -1.37982, 1.71508, 1.97375, 1.80907, -0.342241, -0.974547, 1.4522, 2.05595, -18.3857, 2.85259, -13.1343)

[node name="grass-small2" parent="World" instance=ExtResource("9_we3km")]
transform = Transform3D(0.431618, 0.42896, 0.793535, -0.0040887, 0.880617, -0.47381, -0.902047, 0.201261, 0.381844, -8.92888, 1.53562, 1.10237)

[node name="coffin" parent="World" instance=ExtResource("13_liewl")]
transform = Transform3D(-1.39183, 1.28127, -0.648967, 0.340405, -0.583666, -1.88241, -1.39533, -1.42045, 0.188106, -9.29238, 2.87963, -0.278086)

[node name="coffin3" parent="World" instance=ExtResource("13_liewl")]
transform = Transform3D(-0.920226, 1.35666, 1.14571, -1.68245, -0.253408, -1.05126, -0.567941, -1.4475, 1.25785, -7.76915, -3.25846, -3.32989)

[node name="coffin-old" parent="World" instance=ExtResource("11_dvb0x")]
transform = Transform3D(1.27495, 1.53955, 0.0654969, -0.535078, 0.522036, -1.85504, -1.44506, 1.16502, 0.744675, -8.5593, 2.31836, 0.221031)

[node name="grass-small" parent="World" instance=ExtResource("9_we3km")]
transform = Transform3D(-0.395374, 0.531504, 0.749121, 0.359208, 0.840092, -0.406465, -0.845369, 0.108384, -0.523072, -8.44006, 1.16575, 1.32451)

[node name="grass-small3" parent="World" instance=ExtResource("9_we3km")]
transform = Transform3D(-0.849205, 0.453811, -0.270013, 0.242585, 0.789437, 0.563864, 0.469046, 0.413335, -0.780481, -8.96126, 1.4257, 1.35805)

[node name="grass-small4" parent="World" instance=ExtResource("9_we3km")]
transform = Transform3D(-0.978747, -0.113708, 0.170663, 0.143945, 0.211825, 0.966649, -0.146067, 0.970671, -0.190955, -10.8249, -1.39912, 4.59994)

[node name="grass-small5" parent="World" instance=ExtResource("9_we3km")]
transform = Transform3D(0.396579, -0.113708, 0.910931, 0.905474, 0.211825, -0.367762, -0.15114, 0.970671, 0.186965, -11.2952, -1.54942, 4.57765)

[node name="grass-small6" parent="World" instance=ExtResource("9_we3km")]
transform = Transform3D(-0.365444, -0.601623, 0.710283, 0.922348, -0.336841, 0.189242, 0.1254, 0.724285, 0.678002, -14.6971, -3.86405, 2.56773)

[node name="grass-small7" parent="World" instance=ExtResource("9_we3km")]
transform = Transform3D(0.690702, -0.6258, 0.362361, -0.00160796, 0.499764, 0.86616, -0.723139, -0.598841, 0.344182, -13.7869, 0.170688, -2.54912)

[node name="grass-small9" parent="World" instance=ExtResource("9_we3km")]
transform = Transform3D(0.694946, 0.0706706, 0.715581, -0.713456, -0.0562617, 0.698439, 0.0896186, -0.995913, 0.0113213, -10.8563, -3.42066, -4.74757)

[node name="grass-small10" parent="World" instance=ExtResource("9_we3km")]
transform = Transform3D(0.790958, 0.133032, -0.597235, 0.61149, -0.137433, 0.779226, 0.021582, -0.981538, -0.190051, -11.483, -3.74223, -4.55578)

[node name="grass-small8" parent="World" instance=ExtResource("9_we3km")]
transform = Transform3D(-0.324479, -0.813309, -0.482954, 0.111278, 0.474213, -0.87335, 0.939325, -0.337125, -0.0633691, -14.1678, 0.109292, -1.99363)

[node name="debris-wood" parent="World" instance=ExtResource("15_a3o5d")]
transform = Transform3D(1.39432, 1.33407, -0.525474, -1.35994, 1.46272, 0.105005, 0.454352, 0.284102, 1.92688, -7.75058, 0.823186, 0.527844)

[node name="pine" parent="World" instance=ExtResource("16_5o6by")]
transform = Transform3D(1.98495, 0.218221, -0.111066, -0.143936, 1.77378, 0.912685, 0.198086, -0.897826, 1.77614, -10.3402, 1.48354, -2.15787)

[node name="pine-crooked" parent="World" instance=ExtResource("16_3acxo")]
transform = Transform3D(1.92853, -0.527898, -0.0457983, 0.447738, 1.53102, 1.20644, -0.283381, -1.17358, 1.59449, -12.476, 0.813686, -2.65552)

[node name="pine-crooked2" parent="World" instance=ExtResource("16_3acxo")]
transform = Transform3D(0.583422, -1.72992, 0.81669, 0.327331, 0.931507, 1.73929, -1.8848, -0.373706, 0.55486, -14.7401, -0.186677, -0.423829)

[node name="pine-crooked4" parent="World" instance=ExtResource("16_3acxo")]
transform = Transform3D(0.44986, -1.74041, -0.876695, 0.26322, -0.837238, 1.79715, -1.93089, -0.519613, 0.0407369, -15.2775, -3.99303, -1.25122)

[node name="pine-crooked5" parent="World" instance=ExtResource("16_3acxo")]
transform = Transform3D(-1.00518, -1.50122, 0.857868, 1.68972, -1.06333, 0.119094, 0.366706, 0.78463, 1.80274, -13.6792, -5.71977, 1.80157)

[node name="pine-crooked3" parent="World" instance=ExtResource("16_3acxo")]
transform = Transform3D(-0.246042, -0.88217, 1.77799, 0.380933, 1.7373, 0.914698, -1.94791, 0.451173, -0.0456996, -13.2435, 1.23898, 1.38278)

[node name="trunk" parent="World" instance=ExtResource("17_crlpu")]
transform = Transform3D(1.61733, 1.10277, -0.410052, -0.892427, 1.6041, 0.794014, 0.766685, -0.459121, 1.78924, -8.67914, 1.34359, -1.10082)

[node name="trunk2" parent="World" instance=ExtResource("17_crlpu")]
transform = Transform3D(0.156365, 1.6025, -1.1864, 1.5794, 0.626798, 1.0548, 1.21697, -1.01937, -1.2165, -7.39276, -1.05963, -2.68501)

[node name="trunk-long" parent="World" instance=ExtResource("18_ppn8i")]
transform = Transform3D(1.88788, -0.659825, 0.0233414, 0.647753, 1.86471, 0.321377, -0.127789, -0.295801, 1.97387, -12.5889, 1.67374, -0.618297)

[node name="gravestone-flat" parent="World" instance=ExtResource("19_2iowy")]
transform = Transform3D(1.97504, 0.314856, -0.00855273, -0.0491204, 0.361541, 1.96644, 0.311118, -1.94169, 0.364763, -10.4362, -1.7588, -4.45449)

[node name="gravestone-flat3" parent="World" instance=ExtResource("19_2iowy")]
transform = Transform3D(-1.55896, -0.604696, -1.09727, -0.761101, -0.934258, 1.59621, -0.995175, 1.66178, 0.498116, -12.167, -5.0124, 3.53427)

[node name="gravestone-flat2" parent="World" instance=ExtResource("19_2iowy")]
transform = Transform3D(1.92832, -0.405642, -0.342092, 0.417189, 0.362171, 1.92218, -0.327911, -1.92465, 0.433805, -12.1324, -1.84981, -4.32494)

[node name="gravestone-flat-open" parent="World" instance=ExtResource("20_0v65s")]
transform = Transform3D(-1.54462, -1.24542, -0.251195, 0.0695467, 0.311952, -1.9743, 1.26859, -1.5335, -0.197616, -13.779, -1.8214, -3.49964)

[node name="OmniLight3D" type="OmniLight3D" parent="World"]
transform = Transform3D(-0.674431, 0, -0.738338, 0, 1, 0, 0.738338, 0, -0.674431, -14.2727, -2.41869, -3.80036)
light_color = Color(0.411765, 1, 0.713726, 1)
light_volumetric_fog_energy = 12.0
shadow_enabled = true

[node name="gravestone-broken" parent="World" instance=ExtResource("21_kmxk3")]
transform = Transform3D(1.93977, 0.149902, 0.463495, -0.414238, -0.493748, 1.89331, 0.25633, -1.93229, -0.447831, -10.5408, -3.90075, -4.5332)

[node name="gravestone-bevel" parent="World" instance=ExtResource("22_wh4gd")]
transform = Transform3D(1.64908, -0.40282, -1.05749, 0.475614, -1.44917, 1.29371, -1.02681, -1.31819, -1.09911, -12.1683, -3.86755, -4.13232)

[node name="gravestone-bevel2" parent="World" instance=ExtResource("22_wh4gd")]
transform = Transform3D(1.93364, 0.498789, -0.110595, 0.267847, -0.621026, 1.88218, 0.435063, -1.83454, -0.667221, -10.7804, -5.05284, -3.86728)

[node name="gravestone-bevel3" parent="World" instance=ExtResource("22_wh4gd")]
transform = Transform3D(1.64198, -1.1202, 0.221456, -0.723185, -0.719993, 1.72006, -0.883686, -1.49223, -0.996165, -13.5623, -5.35949, -2.61783)

[node name="debris" parent="World" instance=ExtResource("23_fvbvl")]
transform = Transform3D(1.93821, 0.491221, 0.0454054, 0.142984, -0.73557, 1.85432, 0.472139, -1.79378, -0.747961, -9.58082, -4.58081, -3.9938)

[node name="gravestone-debris" parent="World" instance=ExtResource("24_31gs3")]
transform = Transform3D(1.96869, -0.276897, -0.218115, -0.0301033, -1.36514, 1.46133, -0.351198, -1.43518, -1.34794, -12.1656, -5.27195, -3.69597)

[node name="gravestone-decorative" parent="World" instance=ExtResource("25_b42al")]
transform = Transform3D(1.37922, -1.44826, 0.0172338, -0.579493, -0.529982, 1.83938, -1.32738, -1.27345, -0.785109, -13.7868, -3.97532, -3.27498)

[node name="grave-border" parent="World" instance=ExtResource("26_gplds")]
transform = Transform3D(1.9845, 0.175491, -0.175939, 0.244145, -1.64082, 1.11718, -0.0463151, -1.13, -1.64953, -10.4865, -6.454, -2.57579)

[node name="grave" parent="World" instance=ExtResource("27_ak5d1")]
transform = Transform3D(1.9815, 0.231343, -0.141891, 0.270838, -1.61905, 1.14251, 0.0172917, -1.15116, -1.6354, -10.6133, -6.42122, -2.59944)

[node name="shovel-dirt" parent="World" instance=ExtResource("28_6pldx")]
transform = Transform3D(-0.96579, 0.645009, -1.62826, 0.459443, -1.70099, -0.946337, -1.69002, -0.831027, 0.673226, -9.58925, -6.59121, -1.97569)

[node name="lantern-glass" parent="World" instance=ExtResource("29_g701c")]
transform = Transform3D(1.31046, -0.476122, 1.43388, -0.513818, -1.92541, -0.16974, 1.4208, -0.257156, -1.38391, -11.4521, -7.73906, -0.866183)

[node name="OmniLight3D2" type="OmniLight3D" parent="World"]
transform = Transform3D(-0.721798, -0.659523, -0.20985, 0.0189744, 0.284235, -0.958567, 0.691843, -0.695874, -0.192646, -11.614, -8.42929, -0.972296)
light_color = Color(1, 0.72549, 0.411765, 1)
light_energy = 1.5
light_volumetric_fog_energy = 6.0
light_size = 0.2
shadow_enabled = true

[node name="OmniLight3D4" type="OmniLight3D" parent="World"]
transform = Transform3D(-0.721798, -0.457159, -0.519628, 0.0189744, 0.737442, -0.675144, 0.691843, -0.497178, -0.52361, -7.70415, 1.27779, 3.87134)
light_color = Color(1, 0.72549, 0.411765, 1)
light_volumetric_fog_energy = 6.0
light_size = 0.2
shadow_enabled = true

[node name="OmniLight3D5" type="OmniLight3D" parent="World"]
transform = Transform3D(-0.874406, -0.457159, -0.162541, -0.27051, 0.737442, -0.618873, 0.402788, -0.497178, -0.768489, -9.4598, 0.298934, 4.26276)
light_color = Color(1, 0.72549, 0.411765, 1)
light_volumetric_fog_energy = 6.0
light_size = 0.2
shadow_enabled = true

[node name="OmniLight3D3" type="OmniLight3D" parent="World"]
transform = Transform3D(-0.77461, 0.577034, 0.258866, -0.533865, -0.377147, -0.756801, -0.339069, -0.724425, 0.6002, -9.44035, -7.53172, 4.14371)
light_color = Color(1, 0.72549, 0.411765, 1)
light_energy = 1.5
light_volumetric_fog_energy = 6.0
light_size = 0.2
shadow_enabled = true

[node name="coffin2" parent="World" instance=ExtResource("13_liewl")]
transform = Transform3D(-1.39183, -0.383951, -1.38398, 0.340405, -1.96048, 0.201551, -1.39533, -0.0952951, 1.42968, -11.7808, -7.1816, -0.250458)

[node name="detail-chalice" parent="World" instance=ExtResource("30_7yivi")]
transform = Transform3D(-1.12005, -0.361075, 1.61713, 0.124068, -1.96473, -0.352757, 1.6523, -0.0972363, 1.1227, -11.6703, -7.713, -0.0936592)

[node name="debris-wood2" parent="World" instance=ExtResource("15_a3o5d")]
transform = Transform3D(1.19378, -0.945408, 1.29657, -0.682911, -1.7617, -0.655788, 1.45207, -0.0512923, -1.37436, -13.5528, -6.53674, 0.00235671)

[node name="cross" parent="World" instance=ExtResource("31_uj2wa")]
transform = Transform3D(0.0939499, -1.92179, -0.545796, 1.00691, -0.426372, 1.67461, -1.72549, -0.35345, 0.947509, -14.7972, -1.03237, 1.52401)

[node name="cross3" parent="World" instance=ExtResource("31_uj2wa")]
transform = Transform3D(-0.766896, -1.79835, 0.421681, 0.713944, 0.132506, 1.86353, -1.70357, 0.865093, 0.591151, -14.7914, -3.96354, 1.57701)

[node name="cross2" parent="World" instance=ExtResource("31_uj2wa")]
transform = Transform3D(-1.5905, -1.20866, -0.097171, -0.846612, 0.992176, 1.51619, -0.868077, 1.24688, -1.30066, -13.656, -1.51394, 3.21111)

[node name="cross5" parent="World" instance=ExtResource("31_uj2wa")]
transform = Transform3D(-1.96729, -0.168821, -0.318201, -0.298737, -0.2225, 1.965, -0.201266, 1.9804, 0.193646, -11.2382, -1.10182, 4.04104)

[node name="cross4" parent="World" instance=ExtResource("31_uj2wa")]
transform = Transform3D(-1.99754, 0.0197289, -0.0971709, -0.0608871, 1.30286, 1.51619, 0.0782568, 1.51728, -1.30066, -11.6461, 0.567819, 3.07533)

[node name="crypt-large" parent="World" instance=ExtResource("32_qb7o0")]
transform = Transform3D(1.56262, -0.702689, 1.03173, 0.737282, -0.81435, -1.6713, 1.0073, 1.68614, -0.377218, -12.3397, -4.41229, 3.37925)

[node name="crypt-large-roof" parent="World" instance=ExtResource("33_jb58i")]
transform = Transform3D(1.56069, -0.713442, 1.02725, 0.737872, -0.801103, -1.67743, 1.00984, 1.68797, -0.361924, -13.0073, -5.15264, 4.93141)

[node name="lightpost-single" parent="World" instance=ExtResource("34_lakc6")]
transform = Transform3D(1.89871, 0.530717, -0.336524, 0.147015, -1.41643, -1.40432, -0.610977, 1.30846, -1.3837, -9.61617, -5.79314, 2.99192)

[node name="candle-multiple" parent="World" instance=ExtResource("32_mxdeo")]
transform = Transform3D(2, 0, 0, 0, -1.50547, -1.31664, 0, 1.31664, -1.50547, -11.4164, -6.55096, 2.66889)

[node name="rocks-tall" parent="World" instance=ExtResource("33_bfwtx")]
transform = Transform3D(0.0708144, 0.704602, -0.70606, -0.932608, 0.297884, 0.203732, 0.353874, 0.644051, 0.678212, -7.71884, -1.40557, 3.25059)

[node name="rocks-tall2" parent="World" instance=ExtResource("33_bfwtx")]
transform = Transform3D(-0.228706, 0.874496, 0.427728, -0.839944, -0.399376, 0.367412, 0.492125, -0.275238, 0.825867, -6.98487, -4.40902, -1.67246)

[node name="rocks" parent="World" instance=ExtResource("34_3tx56")]
transform = Transform3D(-0.126389, 1.11856, 1.65313, 1.45123, 1.18875, -0.693392, -1.37038, 1.15572, -0.886769, -8.3318, -0.129337, 2.87385)

[node name="pumpkin" parent="World" instance=ExtResource("35_cr3th")]
transform = Transform3D(1.10635, 1.14437, -1.21095, -1.62016, 1.07803, -0.46145, 0.388691, 1.23623, 1.52337, -8.27555, 0.868532, 3.33183)

[node name="pumpkin2" parent="World" instance=ExtResource("35_cr3th")]
transform = Transform3D(1.80069, 0.351171, 0.796364, 0.473177, 1.14091, -1.57303, -0.730489, 1.60468, 0.944132, -9.69591, -0.00697852, 3.69289)

[node name="shovel" parent="World" instance=ExtResource("36_mgwsd")]
transform = Transform3D(1.08714, 1.65837, -0.260628, 0.568257, -0.655718, -1.80197, -1.57962, 0.905451, -0.82762, -7.40284, 0.231092, 2.83807)

[node name="shovel2" parent="World" instance=ExtResource("36_mgwsd")]
transform = Transform3D(1.09435, -0.160441, -1.66633, 0.640001, -1.79946, 0.593577, -1.54687, -0.858015, -0.933283, -7.26515, -6.15396, 2.03351)

[node name="crypt-small" parent="World" instance=ExtResource("36_1jyvc")]
transform = Transform3D(0.464124, 1.6654, -1.00549, -0.261627, -0.970888, -1.72885, -1.92773, 0.532733, -0.0074488, -7.37418, -4.97818, 1.30211)

[node name="crypt-small-roof" parent="World" instance=ExtResource("37_myphr")]
transform = Transform3D(-0.512409, 1.66681, 0.979374, 0.309844, -0.929288, 1.74368, 1.90825, 0.598465, -0.0201379, -5.81686, -5.89756, 1.84)

[node name="Sun" type="DirectionalLight3D" parent="."]
transform = Transform3D(-0.422618, -0.694272, 0.582563, 0, 0.642788, 0.766044, -0.906308, 0.323744, -0.271654, 0, 0, 0)
light_color = Color(0.74902, 1, 0.870588, 1)
light_energy = 0.2
light_volumetric_fog_energy = 4.0
light_angular_distance = 0.7
shadow_enabled = true
shadow_opacity = 0.75

[node name="moon" type="Sprite3D" parent="." node_paths=PackedStringArray("view", "sun")]
transform = Transform3D(-4.22618, -6.94272, 5.82563, 2.24196e-15, 6.42788, 7.66044, -9.06308, 3.23744, -2.71654, 31.717, 41.7064, -14.7899)
cast_shadow = 0
billboard = 1
texture = ExtResource("38_g0lyd")
script = ExtResource("39_rccd3")
view = NodePath("../View")
sun = NodePath("../Sun")

[node name="HUD" type="CanvasLayer" parent="."]
script = ExtResource("11_apvpm")

[node name="Icon" type="TextureRect" parent="HUD"]
offset_left = 57.0
offset_top = 67.0
offset_right = 313.0
offset_bottom = 323.0
scale = Vector2(0.2, 0.2)
texture = ExtResource("13_jfda3")

[node name="x" type="Label" parent="HUD"]
offset_left = 112.0
offset_top = 64.0
offset_right = 144.0
offset_bottom = 123.0
text = "×"
label_settings = SubResource("LabelSettings_38ys3")

[node name="Coins" type="Label" parent="HUD"]
offset_left = 144.0
offset_top = 64.0
offset_right = 368.0
offset_bottom = 123.0
text = "0"
label_settings = SubResource("LabelSettings_38ys3")

[node name="ghost" type="Node3D" parent="."]
transform = Transform3D(0.343496, 0.939154, 3.48787e-16, -0.939154, 0.343496, -3.48787e-16, -4.47371e-16, -2.07758e-16, 1, -2.52404, 0.207731, 2.08152e-12)
script = ExtResource("43_g6b5n")

[node name="character-ghost" parent="ghost" instance=ExtResource("43_t7v1w")]
transform = Transform3D(2, -0.000488669, -8.37526e-16, 0.00048868, 2, -5.21314e-16, 8.37653e-16, 5.21109e-16, 2, 0.00740737, -0.0017488, -2.08164e-12)

[node name="ghost2" type="Node3D" parent="."]
transform = Transform3D(0.473953, -0.0360519, -0.879812, 0.38649, 0.906291, 0.171065, 0.791198, -0.421115, 0.443473, -11.8154, 4.7351, -2.76062)
script = ExtResource("43_g6b5n")

[node name="character-ghost" parent="ghost2" instance=ExtResource("43_t7v1w")]
transform = Transform3D(2, -0.000488663, -6.70117e-08, 0.000488749, 2, 1.01195e-08, -7.35288e-09, 2.35269e-08, 2, 0.00740719, -0.00174856, 0)

[node name="ghost4" type="Node3D" parent="."]
transform = Transform3D(-0.129923, -0.347791, -0.928527, 0.810916, -0.576145, 0.102336, -0.570557, -0.739661, 0.356883, -13.4829, -6.68179, -5.8063)
script = ExtResource("43_g6b5n")

[node name="character-ghost" parent="ghost4" instance=ExtResource("43_t7v1w")]
transform = Transform3D(2, -0.000488663, -6.70117e-08, 0.000488749, 2, 1.01195e-08, -7.35288e-09, 2.35269e-08, 2, 0.00740719, -0.00174856, 0)

[node name="ghost3" type="Node3D" parent="."]
transform = Transform3D(0.196926, -0.944246, 0.263855, 0.346838, -0.184627, -0.919574, 0.917019, 0.272603, 0.291142, -17.7465, -4.20788, 2.27987)
script = ExtResource("43_g6b5n")

[node name="character-ghost" parent="ghost3" instance=ExtResource("43_t7v1w")]
transform = Transform3D(2, -0.000488669, -8.37526e-16, 0.00048868, 2, -5.21314e-16, 8.37653e-16, 5.21109e-16, 2, 0.00740737, -0.0017488, -2.08164e-12)

[connection signal="coin_collected" from="player" to="HUD" method="_on_coin_collected"]
